1346 190
1370 187
1518 157
1450 181
1444 178
1391 192
1544 136
1501 158
1472 167
1404 189
1490 162
1484 164
1525 143
1389 183
1520 144
1532 139
1494 161
1521 154
1453 176
1452 173
1483 168
1465 171
1475 166
1525 143
1403 184
1485 163
1545 135
1409 186

1520 156
1459 169
1421 180
1457 173
1456 172
1484 166
1377 191
1388 190
1424 176
1333 205
1417 179
1398 185
1334 207
1408 185
1386 194
1477 164
1362 196
1276 212
1389 187
1429 176
1475 165
1313 207
1411 181
1360 195
1346 194
1343 199
1448 174

1488 170
1455 176
1539 156
1510 165
1482 171
1469 172
1413 190
1413 183
1419 188
1506 166
1429 182
1492 168
1528 162
1469 172
1513 163
1415 187
1450 179
1459 175
1451 178
1455 176

1306 195
1456 165
1417 188
1327 194
1514 158
1549 156
1547 153
1424 181
1516 157
1421 182
1467 177
1447 170
1448 168
1437 178
1372 189
1482 164

1525 160
1389 192
1391 187
1495 165
1425 183
1488 169
1492 167
1475 171
1537 148
1292 201
1450 178
1296 200
1292 201
1501 163
1315 196
1515 164
1452 176
1304 199
1296 200
1320 194
1375 193
1453 174
1467 173
1287 203
1403 186
1470 172

