1423 186
1402 186
1345 192
1500 169
1463 178
1431 180
1517 158
1482 179
1515 168
1488 181
1481 179
1476 173
1531 162
1530 156
1412 190
1326 193
1491 170
1489 174
1430 184

1316 199
1510 160
1471 179
1351 197
1532 155
1455 176
1487 176
1381 189
1498 171
1397 186
1493 173
1475 172
1459 180
1415 188
1433 184
1508 168
1432 185
1434 181
1359 190
1534 155

1479 174
1522 153
1535 150
1420 187
1446 179
1510 159
1497 162
1322 192
1507 168
1307 200
1383 187
1537 141
1446 179
1405 183
1487 172
1444 183
1456 175
1364 191
1439 182
1381 188
1411 184
1494 171
1309 193

1459 174
1337 194
1345 195
1455 178
1451 172
1466 166
1482 159
1430 183
1417 184
1358 190
1501 151
1352 195
1481 161
1405 185
1487 157
1323 200
1433 180
1397 186
1519 143
1380 190
1469 165
1477 164
1452 177
1499 157

1462 174
1428 187
1292 196
1521 156
1429 183
1556 143
1485 165
1454 175
1472 171
1426 194
1459 177
1494 164
1448 176
1547 148
1443 181
1446 178
1511 162
1495 172
1487 170

1349 197
1481 178
1458 178
1456 172
1505 164
1440 185
1492 169
1488 170
1457 182
1515 167
1533 159
1386 190
1417 188
1431 186

1473 172
1455 175
1410 186
1450 176
1496 165
1504 156
1397 190
1535 153
1542 150
1499 157
1447 182
1426 185
1446 185
1429 181
1512 168
1276 196
1403 188
1536 154
1484 171
1354 194
1350 193
1573 136
1535 152
1339 197
1340 195
1382 194
1551 149
1470 174

1459 173
1369 195
1515 167
1429 180
1480 171
1483 170
1417 185
1418 182
1439 175
1520 144
1414 183
1337 203
1426 181
1376 188
1379 189
1462 173

1555 134
1394 190
1485 176
1442 181
1530 148
1538 162
1433 178
1486 170
1463 172
1426 185
1443 179
1502 167

1466 176
1588 124
1441 191
1467 175
1482 168
1475 172
1476 171
1516 174
1495 163
1513 158
1548 146
1404 204
1582 146
1502 157
1537 152
1449 188
1419 193
1512 164

1474 173
1408 189
1471 174
1428 182
1518 165
1495 166
1415 185
1500 171
1475 169
1507 169
1387 190
1524 161
1360 194
1506 161
1414 186
1524 154
1460 177
1468 175
1438 179
1461 176
1425 186

1350 194
1455 174
1440 176
1485 168
1463 173
1413 185
1483 170
1498 165
1455 178
1378 191
1549 142
1390 186
1431 182
1432 184
1512 148
1435 179
1502 160
1402 189
1506 164
1362 192
1489 167

1514 162
1539 154
1516 161
1406 184
1540 149
1372 186
1429 181
1459 177
1451 177
1412 187
1349 191
1485 172
1545 158
1554 160
1357 190
1442 181
1510 163
1349 203
1534 158
1561 140
1511 166
1444 179
1473 177
1478 173

1448 173
1475 167
1323 197
1435 178
1502 166
1442 185
1490 165
1461 185
1486 172
1460 168
1519 162
1510 162
1391 187
1364 189
1529 153
1358 191
1425 188

1327 191
1449 173
1492 159
1383 186
1470 164
1357 187
1503 161
1508 150
1455 167
1390 182
1445 174
1481 162
1449 173
1466 168
1347 190
1529 135
1411 180
1320 197
1506 156
1425 180
1429 178
1405 185
1520 140
1389 185
1507 153
1512 145
1281 202
1314 202

1428 186
1409 187
1491 167
1432 181
1366 190
1444 178
1294 196
1473 171
1458 176
1475 171
1533 141
1515 143
1480 168
1401 192
1510 162
1503 156
1438 180
1367 192
1442 180

1455 178
1476 168
1512 162
1438 183
1379 192
1461 176
1489 165
1425 190
1523 148
1342 193
1467 174
1480 167
1465 175
1486 166
1382 193
1516 160
1489 167
1328 195
1522 149
1524 144
1368 192
1455 178
1426 189
1445 180

1410 180
1336 195
1524 151
1447 171
1426 174
1490 160
1478 167
1467 167
1425 178
1454 173
1427 173
1366 190
1395 187
1476 166
1410 180
1507 170
1482 163
1371 188
1480 169
1280 197
1361 192
1405 183
1376 190
1500 155
1483 167

1429 187
1429 187
1530 153
1474 176
1484 179
1462 176
1446 182
1473 170
1500 166
1510 160
1495 169
1333 197
1355 193
1441 184
1400 191
1443 183

1503 160
1486 166
1517 153
1428 191
1490 171
1499 160
1365 194
1471 168
1467 172
1312 198
1501 162
1463 173
1450 191
1494 164
1467 184
1454 185
1452 190
1346 197
1354 195
1521 149
1402 194

1529 155
1481 171
1510 155
1389 187
1469 173
1459 179
1439 182
1487 170
1480 171
1463 178
1503 158
1506 160
1546 145
1418 184
1402 185
1369 193
1464 177
1392 186
1374 192
1490 164
1464 177
1503 165
1537 153
1435 186
1453 181
1589 141

1463 171
1364 196
1335 189
1449 177
1444 177
1402 187
1428 178
1433 182
1496 167
1380 188
1387 192
1513 163
1511 162
1458 176
1479 164
1547 159
1548 154
1464 168

1280 200
1498 162
1507 161
1500 154
1358 188
1414 181
1538 140
1378 186
1522 151
1427 180
1441 181
1544 139
1415 184
1545 138
1573 134
1487 166
1528 144
1570 136
1532 150
1520 153
1413 183
1522 151
1541 144
1463 171
1388 184
1469 170
1530 149
1461 176
1357 190

1322 191
1410 183
1488 170
1483 168
1545 155
1481 172
1466 173
1502 166
1513 161
1447 176
1457 174
1427 179
1457 174
1477 173
1428 178
1453 175
1540 156
1456 181

1337 196
1529 145
1530 143
1411 182
1447 181
1498 163
1489 161
1513 156
1377 188
1357 191
1484 175
1405 184
1378 187
1403 189
1504 164
1477 171
1383 192
1502 156
1476 170
1436 181
1494 165
1356 193
1412 181

1358 193
1514 160
1476 176
1513 157
1364 192
1514 159
1447 179
1364 192
1483 169
1539 148
1427 183
1496 166
1399 191
1517 149
1412 186
1526 150
1319 196
1329 209
1544 140
1492 169
1425 183
1435 180
1410 187
1427 183

1342 201
1408 186
1403 190
1426 182
1474 173
1484 164
1452 177
1421 183
1491 168
1523 153
1504 165
1432 180
1414 187
1304 202
1427 192
1520 163
1356 200
1468 174
1383 193
1536 134
1457 176
1537 141
1448 181

1384 195
1508 170
1522 166
1480 158
1303 200
1440 179
1463 175
1416 183
1405 184
1514 163
1454 175
1426 181
1428 180
1403 185
1534 149
1459 177
1482 173
1547 152

1418 187
1417 190
1452 180
1526 165
1503 166
1429 186
1372 192
1495 170
1527 158
1331 202
1488 171
1529 165
1443 183
1434 181
1458 174
1458 174
1366 195
1503 166
1306 205
1347 199
1494 175

1523 144
1423 178
1442 175
1450 173
1391 194
1428 179
1504 159
1444 174
1500 155
1320 192
1373 189
1439 178
1434 177
1406 184
1456 171
1513 152
1489 161
1482 164
1467 163
1477 170
1412 182
1392 186
1534 140

