1592 139
1508 181
1509 177
1508 181
1412 203
1516 178
1433 198
1386 199
1532 167
1529 167
1429 198
1551 160
1547 160
1383 202
1533 166
1407 201
1557 157
1576 157
1527 171
1494 184
1488 182
1378 204
1546 164
1449 189
1586 154
1461 193
1480 188
1396 208
1355 209
1494 188
1473 184
1346 209
1425 202
1443 195
1521 176
1448 191
1331 208
1451 196
1354 205
1455 195
1417 198
1477 190
1467 193
1578 148

1541 167
1507 181
1511 175
1409 202
1508 176
1383 208
1442 197
1439 196
1534 169
1441 196
1455 190
1501 182
1436 196
1480 186
1444 195
1499 178
1553 166
1562 156
1427 201
1529 170
1576 146
1547 162
1472 185
1447 192
1486 187
1568 147
1376 209
1417 200
1510 179
1423 203
1573 152
1593 165
1468 189
1512 173
1582 161
1485 189
1477 188
1531 173
1528 172
1403 204
1402 204
1452 195
1392 205
1505 185

1431 193
1443 192
1362 203
1472 182
1346 205
1509 172
1495 181
1389 202
1466 186
1463 185
1435 192
1333 214
1375 200
1583 150
1456 189
1397 198
1392 198
1396 199
1525 168
1571 148
1526 167
1567 166
1547 162
1411 197
1547 165
1340 206
1536 163
1415 196
1519 171
1492 178
1530 175
1519 177
1446 190
1524 174
1585 146
1420 194
1530 167
1506 177
1581 163
1459 189
1470 184

1565 157
1590 153
1585 151
1447 196
1458 187
1580 155
1449 190
1423 197
1434 195
1414 195
1417 196
1403 202
1458 187
1458 187
1482 186
1473 186
1407 200
1405 197
1599 139
1598 141
1538 165
1504 176
1498 175
1490 178
1516 175
1441 200
1498 181
1426 196
1379 213
1377 213
1485 184
1514 179
1537 171
1501 179
1486 189
1534 173
1556 160
1490 180
1385 210
1370 214
1400 205
1552 162
1384 212
1557 163

1540 168
1462 188
1420 204
1420 204
1443 194
1485 187
1464 187
1442 195
1458 189
1514 173
1363 207
1450 190
1478 184
1477 184
1489 186
1473 185
1446 192
1561 162
1539 172
1522 172
1323 208
1519 177
1301 212
1507 179
1433 195
1576 145
1601 157
1545 166
1508 178
1449 191
1504 182
1422 200
1380 205
1566 146
1429 201
1560 158
1496 184
1555 162
1510 181
1482 187

1531 171
1350 210
1568 141
1542 165
1571 144
1397 207
1567 147
1576 139
1484 188
1473 184
1322 212
1525 172
1505 180
1452 194
1430 203
1571 159
1474 187
1489 182
1499 180
1567 158
1462 192
1465 191
1358 209
1394 208
1467 192
1456 192
1529 181
1563 156
1335 211
1451 196
1535 167
1485 192
1405 206
1559 162
1507 176
1320 215
1513 177
1350 210
1463 199
1446 199

1433 198
1558 162
1465 191
1533 182
1555 165
1465 191
1377 203
1553 164
1513 175
1407 200
1513 177
1435 193
1540 176
1538 172
1604 154
1521 176
1471 190
1567 166
1320 205
1497 180
1351 206
1496 183
1316 208
1465 191
1569 149
1542 170
1534 174
1465 195
1383 200
1436 195
1451 193
1326 211
1358 203
1493 184
1419 198
1521 185
1303 212
1482 185
1478 185
1506 184
1547 169
1416 199

1539 169
1560 159
1507 177
1504 182
1504 179
1488 185
1392 203
1487 184
1477 184
1552 161
1369 209
1555 158
1581 147
1397 205
1441 194
1539 173
1531 172
1415 198
1583 151
1427 196
1510 176
1489 186
1417 198
1404 204
1414 199
1542 162
1462 188
1584 152
1457 191
1431 199
1517 175
1445 192
1570 153
1448 192
1461 192
1448 202
1441 194
1511 176

1521 172
1560 158
1471 190
1554 163
1569 159
1574 149
1550 165
1362 208
1539 165
1577 159
1463 186
1521 171
1452 188
1300 211
1509 179
1556 170
1489 185
1535 169
1396 209
1394 201
1443 191
1436 195
1483 184
1563 150
1570 157
1592 137
1415 198
1493 181
1547 162
1375 206
1422 198
1501 179
1500 179
1511 178
1508 176
1440 194
1437 193
1597 128
1544 164
1494 184
1418 198
1418 196
1583 148
1488 185
1520 174
1293 213
1490 184

1575 147
1436 193
1564 150
1574 152
1534 166
1541 165
1383 206
1437 194
1437 192
1513 174
1403 204
1564 157
1479 185
1470 189
1379 204
1368 204
1370 201
1583 141
1526 169
1437 194
1433 194
1379 202
1490 186
1488 181
1557 161
1475 185
1443 193
1488 184
1554 162
1533 169
1518 172
1426 197
1535 173
1328 209
1432 199
1501 179
1473 188
1512 182
1507 179
1548 165
1579 146
1449 191
1279 211
1563 160

1315 206
1400 200
1590 156
1586 157
1519 173
1498 187
1549 166
1453 193
1607 145
1530 177
1374 202
1359 209
1311 209
1477 192
1525 172
1521 172
1555 160
1507 181
1382 201
1429 193
1546 170
1500 187
1457 192
1428 193
1594 147
1424 195
1495 186
1510 178
1564 166
1549 162
1532 171
1474 185
1464 187
1476 191
1472 192
1371 203
1508 188
1504 181
1426 194
1420 198
1502 184
1365 205
1307 209

1303 211
1337 206
1559 158
1568 148
1442 192
1393 201
1415 197
1518 175
1296 213
1396 205
1456 190
1474 188
1446 187
1569 164
1503 177
1410 202
1544 157
1496 182
1427 195
1438 193
1494 180
1429 197
1421 197
1506 177
1514 175
1323 209
1500 178
1479 187
1385 202
1327 208
1446 194
1442 192
1476 184
1522 174
1322 210
1546 161
1482 184
1484 183
1532 169
1543 168
1404 205
1471 189
1428 198
1576 161
1549 166
1502 182
1336 207

1592 148
1532 173
1540 169
1499 183
1544 165
1375 203
1589 158
1522 178
1428 197
1367 204
1357 206
1359 205
1496 185
1535 172
1609 145
1601 147
1485 184
1585 160
1470 192
1510 179
1618 141
1511 179
1446 196
1426 201
1407 199
1557 164
1460 192
1331 214
1478 186
1345 208
1486 189
1406 201
1502 180
1541 167
1474 187
1362 210
1448 195

1343 219
1542 165
1507 179
1398 204
1456 192
1553 155
1553 167
1539 161
1441 193
1409 199
1456 190
1501 182
1397 203
1536 173
1523 168
1533 173
1516 173
1353 216
1515 172
1438 195
1555 166
1545 164
1508 178
1512 177
1497 182
1389 208
1514 175
1381 209
1440 194
1482 184
1474 187
1565 149
1472 187
1406 200
1457 190
1564 151
1572 147
1462 189
1428 197
1578 146

1585 145
1590 136
1359 206
1440 191
1507 176
1398 199
1517 176
1538 173
1561 167
1525 168
1402 203
1359 206
1547 157
1538 161
1565 155
1533 169
1517 175
1341 208
1548 167
1446 194
1400 198
1374 202
1505 177
1546 160
1526 170
1481 187
1477 182
1563 156
1576 165
1583 148
1523 171
1448 189
1485 180
1423 193
1434 194
1479 183
1453 188
1453 187
1421 199
1410 195
1407 195
1445 191
1528 170
1482 184
1488 182
1470 185
1485 182

1295 212
1574 149
1603 141
1497 187
1544 171
1463 187
1477 183
1473 181
1611 137
1362 210
1555 163
1479 182
1504 185
1569 153
1552 165
1475 183
1464 189
1419 194
1361 208
1386 201
1470 192
1461 192
1549 168
1292 213
1389 200
1377 205
1515 178
1408 198
1264 216
1409 199
1307 210
1591 148
1561 165
1471 188
1561 171
1546 167
1529 174
1502 179
1507 180
1309 208
1386 201
1416 195
1223 222
1568 159
1427 194
1592 143
1428 193
1425 204
1308 210
1389 206
1414 199

1397 197
1524 173
1512 175
1508 174
1537 162
1572 140
1540 162
1465 186
1228 210
1537 165
1362 208
1459 185
1513 178
1466 184
1513 172
1412 194
1368 205
1397 196
1365 203
1325 205
1314 207
1322 208
1568 159
1547 162
1397 197
1472 183
1577 134
1558 160
1552 159
1359 205
1434 195
1475 182
1475 185
1409 196
1378 202
1498 177
1457 187
1382 202
1503 180
1527 164
1276 209
1447 192
1476 182
1388 201
1457 187
1529 168
1442 190
1447 189
1461 189
1416 194

1568 168
1539 168
1554 162
1516 177
1530 170
1525 169
1441 191
1411 198
1339 207
1434 191
1399 199
1419 194
1503 177
1435 191
1580 158
1494 179
1323 204
1433 192
1496 180
1445 189
1591 149
1346 205
1410 196
1512 176
1433 192
1522 174
1465 187
1487 182
1460 188
1469 188
1505 175
1397 202
1305 213
1477 191
1367 202
1521 174
1356 203
1471 187
1471 186
1480 184
1573 153
1315 210
1496 181
1387 200
1595 148

1511 173
1515 171
1521 172
1569 151
1319 212
1420 197
1501 181
1417 200
1501 178
1502 176
1526 166
1567 151
1447 197
1545 165
1582 148
1407 200
1540 167
1424 194
1478 187
1322 210
1397 199
1412 201
1505 178
1462 190
1461 187
1464 186
1428 194
1499 182
1478 191
1376 205
1423 196
1560 162
1474 184
1566 156
1566 155
1499 182
1388 206
1449 193
1483 184
1382 203
1271 213
1559 162
1523 172
1522 170
1577 148
1534 170
1355 209

1373 205
1565 153
1440 191
1523 171
1586 150
1564 154
1552 164
1545 158
1416 195
1367 206
1555 159
1557 156
1503 179
1440 191
1375 202
1401 198
1567 151
1492 176
1450 190
1358 207
1507 175
1450 190
1410 196
1481 183
1458 188
1473 184
1497 180
1528 169
1534 169
1530 167
1529 167
1403 197
1475 184
1592 140
1508 175
1513 173
1419 194
1394 200
1515 182
1430 192
1525 169
1486 184
1356 209
1461 185
1465 187
1425 193
1538 169

1563 158
1472 185
1368 203
1456 188
1448 191
1540 166
1473 182
1524 171
1333 206
1555 162
1575 141
1555 162
1521 175
1364 204
1423 195
1333 206
1501 177
1570 147
1451 190
1361 205
1327 213
1468 186
1444 192
1352 206
1564 148
1554 161
1550 161
1493 179
1391 199
1540 166
1459 190
1540 166
1465 187
1458 186
1423 201
1409 196
1295 214
1413 199
1425 196
1501 179
1547 163
1427 194
1406 199
1532 169
1291 216
1527 169
1527 170
1478 180
1394 198
1492 180
1492 179
1569 156

1550 166
1467 190
1467 190
1520 171
1504 186
1386 201
1558 159
1495 181
1544 160
1421 196
1480 187
1407 196
1426 196
1380 201
1469 186
1370 203
1528 168
1496 175
1502 175
1475 191
1499 186
1349 207
1439 199
1486 184
1574 148
1509 172
1560 155
1515 174
1341 213
1356 207
1496 181
1443 193
1439 193
1581 130
1332 208
1544 170
1405 200
1489 183
1535 167
1401 199
1524 170

1573 153
1413 195
1583 140
1454 190
1443 188
1452 188
1480 184
1313 206
1386 198
1474 185
1469 183
1415 195
1514 176
1562 156
1327 206
1340 207
1454 189
1434 189
1331 203
1474 181
1515 176
1502 176
1339 204
1531 173
1570 155
1516 178
1467 184
1294 210
1476 183
1202 214
1421 194
1405 197
1441 192
1548 167
1412 196
1466 186
1517 174
1577 147
1600 134
1571 158
1559 158
1555 161
1489 180
1360 202
1524 173
1449 191
1441 197
1262 213
1378 204
1329 208
1320 209
1367 200
1548 170
1535 169
1445 192

1349 203
1322 204
1360 202
1568 156
1473 187
1572 157
1363 203
1465 189
1262 210
1377 200
1417 201
1398 199
1431 195
1306 207
1494 178
1489 179
1488 179
1533 165
1316 206
1588 132
1535 167
1435 195
1559 159
1492 179
1540 167
1485 181
1506 179
1436 193
1477 183
1464 192
1546 166
1518 171
1581 159
1538 169
1453 192
1481 182
1574 153
1305 209
1554 164
1522 175
1519 174
1519 173
1469 192
1467 190

1528 172
1588 128
1509 176
1516 175
1274 214
1484 185
1514 174
1224 219
1553 157
1383 206
1477 183
1539 170
1520 173
1499 179
1491 180
1570 139
1493 180
1439 194
1433 193
1466 186
1540 167
1451 194
1548 161
1506 178
1452 188
1454 193
1299 209
1405 204
1558 155
1567 159
1569 145
1485 184
1433 195
1347 210
1366 209
1458 186
1556 156
1503 177
1594 139
1389 210
1381 205
1435 196
1564 141
1404 201
1544 163
1428 198
1466 186

1488 180
1559 159
1408 199
1405 200
1473 186
1381 204
1404 202
1477 185
1534 168
1507 177
1487 185
1530 170
1546 167
1469 186
1482 182
1342 212
1361 211
1511 176
1508 175
1461 190
1463 192
1451 199
1414 198
1558 170
1543 162
1604 142
1285 219
1580 155
1438 192
1379 205
1426 195
1421 195
1544 171
1542 167
1427 196
1452 191
1448 190
1494 183
1593 154
1594 146
1528 179
1378 210
1522 173
1503 178

1540 165
1491 185
1392 205
1539 165
1546 168
1495 178
1539 167
1543 164
1540 164
1295 214
1488 185
1475 180
1479 181
1578 151
1488 178
1467 190
1606 128
1538 170
1519 170
1597 130
1438 192
1358 213
1513 173
1365 208
1527 170
1560 155
1559 167
1446 197
1407 199
1597 151
1481 185
1506 178
1504 176
1506 180
1492 184
1560 155
1452 194
1520 172
1426 199
1423 198
1505 176
1471 188
1442 195
1472 189
1405 200
1385 206

1536 172
1456 190
1517 172
1561 157
1508 177
1468 188
1520 175
1488 183
1529 168
1507 177
1564 158
1550 170
1360 203
1475 187
1379 201
1463 189
1422 199
1565 151
1563 154
1398 202
1419 200
1500 181
1585 145
1520 175
1444 195
1541 171
1480 184
1593 130
1546 164
1502 181
1446 196
1370 206
1505 181
1562 167
1441 198
1435 198
1581 150
1551 165
1504 185
1448 194
1511 176

1246 217
1558 165
1353 203
1538 162
1550 157
1480 184
1480 184
1420 198
1537 166
1560 155
1554 157
1507 174
1424 194
1522 174
1486 182
1474 184
1426 198
1593 145
1560 160
1420 198
1562 155
1541 161
1584 152
1535 170
1533 175
1471 185
1377 206
1501 178
1380 200
1454 188
1380 200
1454 189
1455 192
1450 191
1487 184
1484 180
1502 180
1464 186
1466 188
1595 126
1426 206
1519 174
1276 214
1458 186
1322 214
1489 183
1598 152
1579 152

1559 165
1435 197
1479 188
1483 186
1522 175
1337 213
1525 174
1307 216
1492 185
1472 190
1547 163
1397 203
1578 158
1533 171
1376 204
1399 202
1449 195
1541 168
1411 201
1513 176
1473 189
1465 188
1590 157
1533 171
1370 205
1289 218
1510 177
1450 193
1496 179
1493 184
1361 210
1457 195
1482 186
1519 178
1567 159
1406 207
1573 162
1413 200
1544 167

